/*--------------------------------*- C++ -*----------------------------------*\
  =========                 |
  \\      /  F ield         | OpenFOAM: The Open Source CFD Toolbox
   \\    /   O peration     | Website:  https://openfoam.org
    \\  /    A nd           | Version:  11
     \\/     M anipulation  |
\*---------------------------------------------------------------------------*/
FoamFile
{
    format      ascii;
    class       volScalarField;
    location    "1";
    object      Vc;
}
// * * * * * * * * * * * * * * * * * * * * * * * * * * * * * * * * * * * * * //

dimensions      [0 3 0 0 0 0 0];

internalField   nonuniform List<scalar> 
400
(
2.5e-07
2.5e-07
2.5e-07
2.5e-07
2.5e-07
2.5e-07
2.5e-07
2.5e-07
2.5e-07
2.5e-07
2.5e-07
2.5e-07
2.5e-07
2.5e-07
2.5e-07
2.5e-07
2.5e-07
2.5e-07
2.5e-07
2.5e-07
2.5e-07
2.5e-07
2.5e-07
2.5e-07
2.5e-07
2.5e-07
2.5e-07
2.5e-07
2.5e-07
2.5e-07
2.5e-07
2.5e-07
2.5e-07
2.5e-07
2.5e-07
2.5e-07
2.5e-07
2.5e-07
2.5e-07
2.5e-07
2.5e-07
2.5e-07
2.5e-07
2.5e-07
2.5e-07
2.5e-07
2.5e-07
2.5e-07
2.5e-07
2.5e-07
2.5e-07
2.5e-07
2.5e-07
2.5e-07
2.5e-07
2.5e-07
2.5e-07
2.5e-07
2.5e-07
2.5e-07
2.5e-07
2.5e-07
2.5e-07
2.5e-07
2.5e-07
2.5e-07
2.5e-07
2.5e-07
2.5e-07
2.5e-07
2.5e-07
2.5e-07
2.5e-07
2.5e-07
2.5e-07
2.5e-07
2.5e-07
2.5e-07
2.5e-07
2.5e-07
2.5e-07
2.5e-07
2.5e-07
2.5e-07
2.5e-07
2.5e-07
2.5e-07
2.5e-07
2.5e-07
2.5e-07
2.5e-07
2.5e-07
2.5e-07
2.5e-07
2.5e-07
2.5e-07
2.5e-07
2.5e-07
2.5e-07
2.5e-07
2.5e-07
2.5e-07
2.5e-07
2.5e-07
2.5e-07
2.5e-07
2.5e-07
2.5e-07
2.5e-07
2.5e-07
2.5e-07
2.5e-07
2.5e-07
2.5e-07
2.5e-07
2.5e-07
2.5e-07
2.5e-07
2.5e-07
2.5e-07
2.5e-07
2.5e-07
2.5e-07
2.5e-07
2.5e-07
2.5e-07
2.5e-07
2.5e-07
2.5e-07
2.5e-07
2.5e-07
2.5e-07
2.5e-07
2.5e-07
2.5e-07
2.5e-07
2.5e-07
2.5e-07
2.5e-07
2.5e-07
2.5e-07
2.5e-07
2.5e-07
2.5e-07
2.5e-07
2.5e-07
2.5e-07
2.5e-07
2.5e-07
2.5e-07
2.5e-07
2.5e-07
2.5e-07
2.5e-07
2.5e-07
2.5e-07
2.5e-07
2.5e-07
2.5e-07
2.5e-07
2.5e-07
2.5e-07
2.5e-07
2.5e-07
2.5e-07
2.5e-07
2.5e-07
2.5e-07
2.5e-07
2.5e-07
2.5e-07
2.5e-07
2.5e-07
2.5e-07
2.5e-07
2.5e-07
2.5e-07
2.5e-07
2.5e-07
2.5e-07
2.5e-07
2.5e-07
2.5e-07
2.5e-07
2.5e-07
2.5e-07
2.5e-07
2.5e-07
2.5e-07
2.5e-07
2.5e-07
2.5e-07
2.5e-07
2.5e-07
2.5e-07
2.5e-07
2.5e-07
2.5e-07
2.5e-07
2.5e-07
2.5e-07
2.5e-07
2.5e-07
2.5e-07
2.5e-07
2.5e-07
2.5e-07
2.5e-07
2.5e-07
2.5e-07
2.5e-07
2.5e-07
2.5e-07
2.5e-07
2.5e-07
2.5e-07
2.5e-07
2.5e-07
2.5e-07
2.5e-07
2.5e-07
2.5e-07
2.5e-07
2.5e-07
2.5e-07
2.5e-07
2.5e-07
2.5e-07
2.5e-07
2.5e-07
2.5e-07
2.5e-07
2.5e-07
2.5e-07
2.5e-07
2.5e-07
2.5e-07
2.5e-07
2.5e-07
2.5e-07
2.5e-07
2.5e-07
2.5e-07
2.5e-07
2.5e-07
2.5e-07
2.5e-07
2.5e-07
2.5e-07
2.5e-07
2.5e-07
2.5e-07
2.5e-07
2.5e-07
2.5e-07
2.5e-07
2.5e-07
2.5e-07
2.5e-07
2.5e-07
2.5e-07
2.5e-07
2.5e-07
2.5e-07
2.5e-07
2.5e-07
2.5e-07
2.5e-07
2.5e-07
2.5e-07
2.5e-07
2.5e-07
2.5e-07
2.5e-07
2.5e-07
2.5e-07
2.5e-07
2.5e-07
2.5e-07
2.5e-07
2.5e-07
2.5e-07
2.5e-07
2.5e-07
2.5e-07
2.5e-07
2.5e-07
2.5e-07
2.5e-07
2.5e-07
2.5e-07
2.5e-07
2.5e-07
2.5e-07
2.5e-07
2.5e-07
2.5e-07
2.5e-07
2.5e-07
2.5e-07
2.5e-07
2.5e-07
2.5e-07
2.5e-07
2.5e-07
2.5e-07
2.5e-07
2.5e-07
2.5e-07
2.5e-07
2.5e-07
2.5e-07
2.5e-07
2.5e-07
2.5e-07
2.5e-07
2.5e-07
2.5e-07
2.5e-07
2.5e-07
2.5e-07
2.5e-07
2.5e-07
2.5e-07
2.5e-07
2.5e-07
2.5e-07
2.5e-07
2.5e-07
2.5e-07
2.5e-07
2.5e-07
2.5e-07
2.5e-07
2.5e-07
2.5e-07
2.5e-07
2.5e-07
2.5e-07
2.5e-07
2.5e-07
2.5e-07
2.5e-07
2.5e-07
2.5e-07
2.5e-07
2.5e-07
2.5e-07
2.5e-07
2.5e-07
2.5e-07
2.5e-07
2.5e-07
2.5e-07
2.5e-07
2.5e-07
2.5e-07
2.5e-07
2.5e-07
2.5e-07
2.5e-07
2.5e-07
2.5e-07
2.5e-07
2.5e-07
2.5e-07
2.5e-07
2.5e-07
2.5e-07
2.5e-07
2.5e-07
2.5e-07
2.5e-07
2.5e-07
2.5e-07
2.5e-07
2.5e-07
2.5e-07
2.5e-07
2.5e-07
2.5e-07
2.5e-07
2.5e-07
2.5e-07
2.5e-07
2.5e-07
2.5e-07
2.5e-07
2.5e-07
2.5e-07
2.5e-07
2.5e-07
2.5e-07
2.5e-07
2.5e-07
2.5e-07
2.5e-07
2.5e-07
2.5e-07
2.5e-07
)
;

boundaryField
{
    movingWall
    {
        type            calculated;
        value           uniform 0;
    }
    fixedWalls
    {
        type            calculated;
        value           uniform 0;
    }
    frontAndBack
    {
        type            empty;
    }
}


// ************************************************************************* //
